Count:22
#####
1
4
5
5
16,4,-1,3,18
-1,1,-1,1,-1
-1,7,11,8,-1
-1,0,-1,0,-1
17,5,-1,2,17
$$$$$
#####
2
8
5
5
16,17,4,5,4
6,0,10,16,1
5,16,11,7,7
3,7,8,16,0
16,4,3,16,16
$$$$$
#####
3
9
5
5
16,7,4,5,16
16,8,16,9,4
16,9,11,10,16
4,7,1,5,6
16,4,3,16,16
$$$$$
#####
4
9
5
5
16,4,19,6,17
18,7,9,10,19
5,6,11,8,3
16,1,8,18,0
17,1,9,5,19
$$$$$
#####
5
16
7
7
3,0,6,16,16,7,17
18,19,0,10,19,7,16
18,8,10,8,1,8,5
7,6,9,11,4,17,4
1,5,9,18,10,1,17
16,0,9,6,10,10,17
19,3,18,17,4,6,18
$$$$$
#####
6
7
5
5
19,4,3,17,18
19,4,8,6,5
1,6,11,8,5
5,7,16,6,1
17,8,0,3,19
$$$$$
#####
7
9
5
5
16,6,17,5,18
0,7,8,8,17
1,16,11,9,6
7,8,3,1,18
19,19,10,3,16
$$$$$
#####
8
10
5
5
19,10,0,1,17
5,7,8,19,16
16,18,8,16,0
6,11,9,10,10
18,5,7,17,19
$$$$$
#####
9
9
5
5
3, 16,4,1,16
10,8,7,6,17
0,19,10,11,16
0,6,7,1,3
18,4,1,18,17
$$$$$
#####
10
8
5
5
17,7,6,5,18
11,9,17,10,5
17,8,7,8,18
4,8,1,3,3
17,3,6,16,17
$$$$$
#####
11
10
5
5
16,7,1,11,17
17,3,19,8,16
18,18,7,10,17
0,18,9,7,3
3,1,9,8,18
$$$$$
#####
12
8
5
5
17,18,18,16,5
0,10,8,0,5
3,9,11,8,17
6,1,7,6,16
4,16,5,1,19
$$$$$
#####
13
12
6
6
5,0,18,6,18,18
10,18,19,7,18,0
6,10,5,8,16,1
6,9,9,11,0,3
17,19,9,9,6,19
19,10,6,18,3,5
$$$$$
#####
14
18
7
7
17,19,6,18,17,0,5
5,10,9,18,10,1,3
5,7,9,5,17,19,2
19,16,3,11,10,10,6
19,16,7,8,17,10,19
8,9,7,9,16,10,19
3,1,17,16,16,10,18
$$$$$
#####
15
4
4
4
18,0,1,5
5,8,9,1
0,19,11,10
3,18,17,3
$$$$$
#####
16
9
5
5
17,6,16,6,16
0,10,0,5,18
8,9,11,1,6
1,17,10,6,17
17,17,8,7,16
$$$$$
#####
17
13
6
6
5,19,5,17,19,18
7,18,1,19,1,1
7,6,5,7,1,0
0,17,19,11,10,10
6,10,7,8,7,17
16,4,16,17,10,16
$$$$$
#####
18
14
7
7
19,4,19,17,6,18,6
16,7,5,9,6,6,5
17,9,17,9,5,9,5
5,7,8,9,5,3,5
9,3,3,10,6,1,16
1,0,6,6,0,11,9
18,16,5,17,18,18,19
$$$$$
#####
19
10
5
5
16,18,16,4,16
8,9,7,9,8
8,16,9,17,11
17,3,9,5,5
16,5,19,6,18
$$$$$
#####
20
8
5
5
11,0,1,16,17
8,0,10,0,9
0,6,8,4,16
18,10,17,4,4
19,9,1,18,16
$$$$$
#####
21
8
5
5
4,1,10,17,16
6,19,8,0,6
5,7,9,11,3
0,0,4,7,19
16,17,16,6,18
$$$$$
#####
22
9
5
5
17,3,18,17,3
16,9,9,1,7
3,11,6,19,3
3,10,7,9,3
19,16,17,5,16
$$$$$